% Data for MOP lab
%   min Cx
%      Ax <= b
%       x >= 0
C = [     4     2     0    -4     1    -1
         -2     4    -6    -3     5    -2];
A = [ 4     6     4    -1     4     0;
      0    -1     6     4     4     0;
      0     4     3     6     2     6;
      5     2     1     0    -1     0;
      0     4     5     0     2     6;
      0     0     1     4     2     0;
      5     0     3     5     0     0;
      1     0     2     0     0    -1];
b = [7 5 5 5 6 2 5 2]';