% Data for MOP lab 
%   min Cx
%      Ax <= b
%       x >= 0


C =[ -1    -2     0
    -1     0     2
     1     0    -1];

A = [ 1     1     0
     0     1     0
     1    -1     1];
 
b = [1 2 4]';

